Temp = 25.0928 -> Date = 2015-02-01 10:31:26.619879
Temp = 25.1367 -> Date = 2015-02-01 10:31:27.667697
Temp = 25.0928 -> Date = 2015-02-01 10:31:28.716072
